[gd_scene load_steps=10 format=3 uid="uid://dl7ik1bw5ss7w"]

[ext_resource type="PackedScene" uid="uid://b5n1kwhbgreu0" path="res://BasicPlanet.tscn" id="1_gd7pm"]
[ext_resource type="Script" path="res://game.gd" id="1_qilme"]
[ext_resource type="PackedScene" uid="uid://d2r0qve1tdsvx" path="res://UI_Overlay.tscn" id="3_gg78r"]
[ext_resource type="Texture2D" uid="uid://d0pgtsff2or7p" path="res://8ce314fc33e625ddc876b91c47f7affc.png" id="4_285yd"]
[ext_resource type="PackedScene" uid="uid://fnjs10vv8vmr" path="res://tmp/stars.tscn" id="6_a0fu2"]
[ext_resource type="PackedScene" uid="uid://bkku6p607cwxt" path="res://tmp/camera_controller.tscn" id="6_wulk7"]

[sub_resource type="PanoramaSkyMaterial" id="PanoramaSkyMaterial_yvj02"]
panorama = ExtResource("4_285yd")

[sub_resource type="Sky" id="Sky_fer8n"]
sky_material = SubResource("PanoramaSkyMaterial_yvj02")

[sub_resource type="Environment" id="Environment_ll5tq"]
background_mode = 2
sky = SubResource("Sky_fer8n")
adjustment_enabled = true

[node name="main" type="Node3D"]
script = ExtResource("1_qilme")

[node name="WorldEnvironment" type="WorldEnvironment" parent="."]
environment = SubResource("Environment_ll5tq")

[node name="DirectionalLight3D" type="DirectionalLight3D" parent="."]
transform = Transform3D(-0.866025, -0.433013, 0.25, 0, 0.5, 0.866025, -0.5, 0.75, -0.433013, 0, 0, 0)
shadow_enabled = true

[node name="CameraController" parent="." instance=ExtResource("6_wulk7")]

[node name="Planets" type="Node" parent="."]

[node name="Planet" parent="Planets" instance=ExtResource("1_gd7pm")]
transform = Transform3D(0.439747, 0, 0.89812, 0, 1, 0, -0.89812, 0, 0.439747, 0, 0, 0)

[node name="Planet2" parent="Planets" instance=ExtResource("1_gd7pm")]
transform = Transform3D(0.404926, 0, -0.914349, 0, 1, 0, 0.914349, 0, 0.404926, 3.36269, 0, -0.675941)

[node name="Planet3" parent="Planets" instance=ExtResource("1_gd7pm")]
transform = Transform3D(0.814013, 0, -0.580846, 0, 1, 0, 0.580846, 0, 0.814013, 7.09917, 0, -1.25548)

[node name="CanvasLayer" parent="." instance=ExtResource("3_gg78r")]

[node name="MultiMeshStars" parent="." instance=ExtResource("6_a0fu2")]
max_dist = 700
